1: 185.78, 404.66, 208.72, 407.78, 399.08, 435.83, 777.52, 491.6, 1160.55, 546.07, 1410.55, 579.07, 1717.89, 623.44
2: 185.78, 404.66, 208.72, 407.78, 399.08, 435.83, 777.52, 491.6, 1160.55, 546.07, 1387.61, 576.96, 1410.55, 579.07, 1717.89, 623.44
3: 0, 385.29, 681.96, 486.07, 1889.24, 656.21
4: 1270, 450, 2120, 619
5: 1300, 434, 1350, 486, 2120, 656
6: 1000, 495, 2100, 585
7: 185.78, 404.66, 2500, 732.2391716765001
WL: 404.66, 435.83, 491.6, 546.07, 579.07, 623.44
WLo: 404.66, 407.78, 435.83, 491.6, 546.07, 579.07, 623.44
Temp: 179, 404.66 589, 407.78 951, 435.83 1175, 491.6 1858, 546.07 2101, 579.07 2486, 623.44 
