1: 185.78, 404.66, 208.72, 407.78, 399.08, 435.83, 777.52, 491.6, 1160.55, 546.07, 1410.55, 579.07, 1717.89, 623.44
2: 185.78, 404.66, 208.72, 407.78, 399.08, 435.83, 777.52, 491.6, 1160.55, 546.07, 1387.61, 576.96, 1410.55, 579.07, 1717.89, 623.44
3: 0, 385.29, 681.96, 486.07, 1889.24, 656.21
4: 1270, 450, 2120, 619
5: 1300, 434, 1350, 486, 2120, 656
6: 1000, 495, 2100, 585
7: 185.78, 404.66, 2500, 732.2391716765001
WL_Q: 404.66, 435.83, 491.6, 546.07, 579.07, 623.44, 667.73, 696.52, 714.7, 738.4
WL_E: 435.8335, 487.7, 541.15, 579.067, 611.6, 631.1, 650.8, 662.6, 687.7, 693.7, 707.0
WL_EV: 404.6565, 435.8335, 487.7, 533.45, 541.15, 546.075, 576.961, 579.067, 580.3782, 587.6, 593.4, 599.7, 611.6, 631.1, 650.8, 662.6, 687.7, 693.7, 707, 709, 712.3 
WLt: 435.83, 491.6, 546.07, 579.07, 623.44
Vega_Test: 130.0, 435.8335, 493.0, 487.7, 900.0, 541.15, 1192.0, 579.067, 1369.0, 611.6, 1499.0, 631.1, 1647.0, 650.8, 1729.0, 662.6, 1906.0, 687.7, 1968.0, 693.7, 2049.0, 707.0
Temp: 130.0, 435.8335, 494.0, 487.7, 898.0, 541.15, 1191.0, 579.067, 1369.0, 611.6, 1498.0, 631.1, 1647.0, 650.8, 1727.0, 662.6, 1906.0, 687.7, 1967.0, 693.7, 2050.0, 707.0
